13	12	9	3	13	2	14	15	6	6	12	3	7	3	9	20	9	3	18	14	15	18	14	8	14	4	11	9	2	8	2	6	19	11	9	11	12	14	6	10	
-1
12	6	3	7	8	2	15	13	12	3	3	20	12	7	7	12	3	17	15	12	3	7	20	6	2	4	4	10	9	13	11	20	19	5	6	6	7	12	10	10	
-1
1	10	5	13	5	20	6	3	11	9	14	2	14	13	3	3	1	9	11	12	16	19	9	14	8	15	3	16	1	16	3	13	5	8	5	9	7	3	3	17	
-1
9	20	17	11	4	1	20	14	15	17	5	16	17	9	13	3	9	10	8	3	10	2	19	9	5	14	1	3	10	16	13	18	15	2	8	10	2	8	16	17	
-1
13	2	20	12	6	19	6	2	18	3	8	5	5	4	6	7	7	8	19	9	6	11	6	15	7	7	3	10	14	3	3	19	5	3	2	10	13	7	3	11	
-1
6	16	11	3	12	20	5	7	4	1	8	3	8	6	5	8	6	9	1	4	15	16	15	3	17	3	16	1	14	12	16	12	7	6	14	10	17	10	9	13	
-1
1	2	10	5	13	9	6	13	2	20	11	19	8	20	1	14	2	5	16	18	5	14	3	12	18	18	4	12	1	13	17	13	6	7	9	18	15	15	3	8	
-1
13	8	16	18	5	10	13	3	16	11	1	5	5	11	20	18	1	5	4	18	3	10	7	14	2	1	9	15	1	2	11	13	1	18	2	17	8	6	19	15	
-1
17	14	2	3	2	4	10	11	7	4	11	2	8	12	18	1	6	1	14	17	3	8	4	14	13	15	18	20	7	2	13	4	7	15	6	1	10	8	11	8	
-1
5	7	12	19	19	10	9	18	17	19	4	5	14	4	12	2	10	18	12	15	7	2	10	16	20	18	12	9	16	9	8	12	15	11	2	6	13	10	3	9	
-1
15	19	11	6	6	18	8	2	8	19	13	6	16	7	11	16	2	1	8	18	6	1	15	16	18	4	19	12	8	12	11	2	11	1	19	8	18	7	9	17	
-1
5	18	14	4	4	15	12	6	14	11	4	4	20	7	17	9	16	16	8	16	8	16	7	19	9	14	13	19	20	1	18	5	10	11	20	14	5	11	11	10	
-1
5	14	6	11	7	4	5	13	6	18	18	8	9	8	20	2	8	5	11	19	13	10	1	6	6	15	18	15	20	10	5	4	15	2	14	1	5	10	5	2	
-1
15	18	8	7	9	2	16	14	5	20	2	9	8	13	7	17	9	6	2	7	2	8	11	19	15	15	10	9	18	9	8	4	6	8	2	15	9	18	20	5	
-1
16	9	19	13	11	18	17	20	7	1	6	11	12	15	13	11	18	9	17	10	5	20	11	13	6	11	15	19	16	11	20	11	19	10	16	2	20	4	1	6	
-1
19	10	6	3	15	15	4	10	19	4	20	5	8	13	1	1	5	19	5	20	8	14	10	11	2	7	9	11	20	8	12	10	17	17	12	3	4	7	12	14	
-1
6	13	19	16	14	20	8	13	9	1	3	5	14	2	9	15	12	8	11	1	7	20	11	20	10	3	9	1	3	10	12	1	3	10	8	8	1	7	13	9	
-1
14	20	20	5	14	10	17	2	8	10	12	8	14	7	2	11	9	4	17	9	9	4	9	9	7	20	17	3	14	5	3	7	16	2	4	9	3	20	10	11	
-1
8	1	2	15	16	1	9	14	4	8	14	16	10	12	10	6	5	5	4	5	20	12	18	8	9	17	15	10	19	20	16	6	20	9	1	7	9	1	20	5	
-1
18	13	11	10	11	6	2	12	8	4	16	8	13	6	20	10	7	17	8	1	6	10	14	20	3	8	13	9	8	17	11	17	10	13	6	20	18	7	3	17	
-1
5	20	19	1	6	7	20	8	7	18	8	15	19	5	5	11	6	13	1	6	4	20	20	17	14	7	13	4	9	3	5	5	2	3	6	19	1	17	6	19	
-1
17	14	13	6	5	6	9	14	4	7	11	3	9	12	16	5	11	7	1	9	15	15	13	1	14	13	15	1	10	16	17	6	9	1	12	13	19	12	6	14	
-1
19	17	9	9	19	16	4	13	1	7	9	10	10	2	20	14	6	2	7	1	13	14	7	20	8	19	6	16	6	13	5	16	10	13	17	20	20	20	5	1	
-1
20	10	5	12	11	3	3	1	6	10	9	13	1	12	10	16	11	10	11	1	2	18	2	10	7	10	3	20	10	10	6	10	19	3	13	1	5	8	2	10	
-1
17	11	6	8	18	11	18	7	11	18	13	19	4	20	18	12	11	18	4	10	10	17	4	4	12	15	13	1	9	5	1	17	7	18	16	4	9	5	10	19	
-1
11	1	19	16	12	18	12	18	10	8	3	18	17	17	12	3	6	2	9	11	1	13	11	13	17	16	2	8	14	18	1	16	10	11	12	2	9	3	11	10	
-1
8	11	5	12	13	1	4	2	3	4	4	2	16	1	10	18	10	4	9	13	7	1	18	15	20	13	16	1	8	6	2	7	8	19	10	20	11	13	1	13	
-1
3	9	10	15	15	13	18	4	3	9	13	10	6	15	4	1	11	17	19	7	14	17	2	14	12	12	9	3	14	9	15	16	10	4	10	16	8	7	19	10	
-1
11	7	12	6	18	12	1	20	20	1	7	8	16	2	6	7	7	18	5	2	1	4	4	7	2	2	9	18	18	11	3	20	9	6	6	18	17	18	9	16	
-1
8	15	16	18	6	12	2	10	8	3	11	15	18	3	2	11	1	6	8	7	19	12	11	19	12	20	20	19	12	7	16	19	1	3	9	18	6	10	7	14	
-1
3	5	1	9	5	8	6	8	1	14	11	5	9	5	9	6	18	18	9	1	18	5	20	15	20	5	14	3	5	17	12	19	1	4	20	17	11	5	4	4	
-1
4	17	7	16	1	15	19	20	17	5	16	6	14	2	16	15	15	13	18	16	6	4	7	17	9	8	10	9	15	7	13	18	3	12	5	15	6	4	7	14	
-1
17	2	14	20	4	18	11	5	4	10	1	8	13	6	15	8	7	16	20	12	15	17	16	15	14	5	1	8	13	15	13	9	16	6	20	12	16	10	8	11	
-1
12	17	12	13	18	11	11	3	2	17	20	7	15	17	11	2	5	7	5	2	10	18	1	12	1	14	11	8	1	5	6	5	1	17	9	10	19	20	12	12	
-1
3	2	10	6	18	20	2	19	20	16	20	5	16	18	3	3	4	10	1	17	20	9	9	13	19	10	5	16	5	11	10	7	4	11	5	1	2	18	19	2	
-1
8	3	16	2	13	1	7	12	13	6	7	16	19	9	14	3	15	12	20	10	1	6	18	12	1	5	2	4	18	6	8	5	8	15	18	12	15	4	3	20	
-1
20	16	16	1	2	2	11	13	10	9	20	4	13	16	17	12	17	1	18	13	20	2	3	20	5	12	2	6	18	11	10	17	6	5	18	8	7	20	12	8	
-1
6	5	2	12	17	12	2	20	3	9	13	17	14	2	16	8	20	6	19	9	15	6	6	18	16	15	11	12	20	10	7	5	14	20	16	3	4	9	14	6	
-1
12	18	13	9	5	2	13	7	13	8	8	14	13	5	20	17	9	8	5	9	9	10	10	8	8	20	6	15	4	5	8	7	14	20	15	18	13	19	5	17	
-1
16	13	9	7	11	5	5	8	17	9	9	6	1	7	7	11	12	18	18	14	13	9	2	12	1	10	10	14	16	5	7	12	17	15	10	19	19	6	7	8	
-1
9	18	5	2	12	8	7	16	9	6	19	19	3	13	5	15	16	9	17	16	20	6	9	8	19	16	1	2	11	10	6	11	19	10	12	3	17	11	10	18	
-1
14	11	9	3	20	19	2	9	1	2	9	13	20	11	7	6	4	3	9	8	8	1	11	20	20	4	3	18	5	12	8	10	2	16	4	13	6	5	2	6	
-1
2	4	8	9	19	4	15	2	5	11	8	6	14	4	19	12	14	17	19	9	16	12	5	8	18	17	11	19	4	1	10	17	16	18	5	14	13	11	7	17	
-1
11	14	1	11	20	8	19	15	6	6	13	16	3	7	1	8	17	20	6	6	17	20	7	8	19	3	8	11	17	10	3	20	15	15	2	7	14	20	1	12	
-1
9	9	14	3	12	19	16	18	3	11	13	8	8	18	8	11	5	14	20	3	5	19	18	8	9	4	15	6	20	18	13	8	18	18	3	10	8	10	7	10	
-1
8	12	3	11	7	8	11	17	8	9	6	6	11	3	13	10	6	9	9	19	11	18	3	16	15	7	9	1	13	14	17	12	17	19	3	15	7	5	11	6	
-1
2	13	4	15	14	13	3	13	2	4	4	16	1	19	7	8	8	5	14	10	13	5	16	1	18	8	19	14	5	6	5	18	18	20	12	3	4	7	15	5	
-1
15	17	12	16	13	11	15	16	8	12	16	10	12	4	1	12	4	7	16	2	16	8	13	6	20	9	9	10	6	8	15	20	16	19	7	8	9	2	16	8	
-1
4	13	11	17	20	3	9	16	3	11	16	10	19	20	13	17	18	16	3	9	13	16	4	1	9	6	14	10	16	4	19	11	8	1	8	8	15	16	15	17	
-1
17	16	12	1	9	14	2	7	17	4	20	15	16	3	13	20	6	17	7	16	8	3	3	8	8	18	20	12	9	10	6	5	6	9	17	6	15	18	12	11	
-1
