65	22	105	63	116	
-2
65	22	105	63	116	138	130	159	152	184	
-1
65	22	105	63	116	138	130	159	152	184	221	193	251	211	275	237	291	248	304	271	333	299	361	332	388	365	418	404	456	452	507	476	535	519	562	558	591	607	
3
65	22	105	63	116	138	130	159	152	184	221	193	251	211	275	237	291	248	304	271	333	299	361	332	388	365	418	404	456	452	507	476	535	519	562	558	591	607	683	630	711	658	
-1
65	22	105	63	116	138	130	159	152	184	221	193	251	211	275	237	291	248	304	271	333	299	361	332	388	365	418	404	456	452	507	476	535	519	562	558	591	607	683	630	711	658	768	682	795	706	
-1
65	22	105	63	116	138	130	159	152	184	221	193	251	211	275	237	291	248	304	271	333	299	361	332	388	365	418	404	456	452	507	476	535	519	562	558	591	607	683	630	711	658	768	682	795	706	869	717	892	740	922	764	
-1
65	22	105	63	116	138	130	159	152	184	221	193	251	211	275	237	291	248	304	271	333	299	361	332	388	365	418	404	456	452	507	476	535	519	562	558	591	607	683	630	711	658	768	682	795	706	869	717	892	740	922	764	967	786	985	815	
-1
65	22	105	63	116	138	130	159	152	184	221	193	251	211	275	237	291	248	304	271	333	299	361	332	388	365	418	404	456	452	507	476	535	519	562	558	591	607	683	630	711	658	768	682	795	706	869	717	892	740	922	764	967	786	985	815	1055	838	1091	873	
-2
65	22	105	63	116	138	130	159	152	184	221	193	251	211	275	237	291	248	304	271	333	299	361	332	388	365	418	404	456	452	507	476	535	519	562	558	591	607	683	630	711	658	768	682	795	706	869	717	892	740	922	764	967	786	985	815	1055	838	1091	873	1151	940	1170	971	1201	
-2
65	22	105	63	116	138	130	159	152	184	221	193	251	211	275	237	291	248	304	271	333	299	361	332	388	365	418	404	456	452	507	476	535	519	562	558	591	607	683	630	711	658	768	682	795	706	869	717	892	740	922	764	967	786	985	815	1055	838	1091	873	1151	940	1170	971	1201	1038	1225	1070	1252	
-2
65	22	105	63	116	138	130	159	152	184	221	193	251	211	275	237	291	248	304	271	333	299	361	332	388	365	418	404	456	452	507	476	535	519	562	558	591	607	683	630	711	658	768	682	795	706	869	717	892	740	922	764	967	786	985	815	1055	838	1091	873	1151	940	1170	971	1201	1038	1225	1070	1252	1144	1263	1156	1285	1219	1297	1230	1320	
-1
65	22	105	63	116	138	130	159	152	184	221	193	251	211	275	237	291	248	304	271	333	299	361	332	388	365	418	404	456	452	507	476	535	519	562	558	591	607	683	630	711	658	768	682	795	706	869	717	892	740	922	764	967	786	985	815	1055	838	1091	873	1151	940	1170	971	1201	1038	1225	1070	1252	1144	1263	1156	1285	1219	1297	1230	1320	1354	1331	1394	1357	1422	1386	1447	1418	1473	1445	1501	1480	1533	1517	1567	1565	
0
